0-dem.txt
ncols         387
nrows         303
xllcorner     119.00109863281
yllcorner     -3.5238190887213
cellsize      7.4985002999418e-05
NODATA_value  -9999
[rows 112 to 139 of 303, columns 189 to 251 of 387]
10.38437 9.728174 9.743942 10.47815 11.19174 11.64646 11.82216 11.92392 11.38773 10.36418 9.612058 9.747177 10.39101 10.69414 10.901 11.39178 11.82109 11.56044 10.7306 9.993057 9.429419 8.610422 7.796721 7.565415 7.808825 8.106989 8.28537 8.521877 9.085661 10.18566 11.10752 11.5515 11.36618 10.78501 10.4239 10.70268 11.22942 11.18629 10.47584 9.742848 9.351022 9.326395 9.484309 9.590791 9.505615 9.091035 8.516207 8.119886 7.911683 7.3321 6.43686 5.743145 5.605517 6.036033 6.713676 7.170632 7.140079 6.897481 6.780068 6.951516 7.541325 8.217331 8.606205
11.78916 11.42601 11.45889 11.82272 12.03084 11.99012 11.7781 11.46684 10.76276 10.08912 9.928778 10.33744 10.78935 10.43071 10.18316 10.43716 10.84013 10.91822 10.64827 10.29566 9.934435 9.219923 8.590981 8.5899 8.997577 9.287613 9.331464 9.460485 10.02891 10.94593 11.6557 11.84809 11.50124 10.78145 10.22803 10.1766 10.3919 10.05934 9.124666 8.255165 7.806721 7.845137 8.212132 8.558472 8.482471 8.107735 7.793661 7.79293 7.939679 7.589554 6.647957 5.64372 5.141765 5.262919 5.701447 6.001599 5.95677 5.76979 5.758091 5.976257 6.581858 7.274649 7.698487
12.99363 12.75006 12.74985 12.86393 12.78781 12.51049 12.12758 11.6912 11.14181 10.89523 11.04202 11.25727 11.04979 10.2651 9.660677 9.704449 10.07496 10.37667 10.39135 10.05615 9.897463 9.32747 8.927158 9.141514 9.769136 10.24343 10.3816 10.44963 10.75236 11.24151 11.60565 11.60014 11.16479 10.32314 9.705823 9.421443 9.35055 8.822427 7.880252 7.136423 6.72428 6.733527 7.164695 7.712588 7.730172 7.404475 7.191547 7.37759 7.757651 7.592275 6.674817 5.532004 4.866671 4.841111 5.126216 5.26008 5.089222 4.774724 4.797672 5.03478 5.66218 6.447515 7.052196
13.55012 13.25257 13.22593 13.25341 13.13285 12.87305 12.52278 12.1113 11.7262 11.76698 11.97297 11.91533 11.28489 10.24525 9.464887 9.416217 9.785957 10.10416 10.03633 9.533714 8.952049 8.340843 8.148692 8.640051 9.45783 10.15682 10.53668 10.69332 10.80349 10.97943 11.13358 11.06291 10.58702 9.579515 9.100872 8.668344 8.314651 7.713709 6.996642 6.563943 6.312418 6.311168 6.699213 7.329638 7.47653 7.243102 6.953549 6.931979 7.144756 6.937982 6.073895 5.015013 4.456808 4.516414 4.823375 4.930446 4.767245 4.512731 4.457453 4.661489 5.267946 6.087114 6.873292
13.55449 13.22671 13.2043 13.20024 13.13146 12.97994 12.68721 12.2143 11.71467 11.85105 12.02591 11.88338 11.23816 10.29868 9.584736 9.517044 9.793558 9.778032 9.124502 8.02062 7.032767 6.4673 6.535984 7.193667 8.015395 8.800336 9.419768 9.866839 10.13201 10.36476 10.58415 10.63504 10.34635 9.647256 8.932981 8.148497 7.382633 6.73693 6.361199 6.287727 6.245929 6.259802 6.489853 6.928215 7.194473 7.141143 6.815552 6.437237 6.212274 5.821276 5.097195 4.312148 3.968639 4.135931 4.475837 4.632434 4.6374 4.599172 4.658597 4.91255 5.454365 6.040399 6.49166
13.27279 13.05979 13.12258 13.1551 13.18848 13.12922 12.8294 12.27611 11.7464 11.59703 11.57951 11.43059 11.01456 10.4224 9.916296 9.832067 9.82749 9.19263 7.838407 6.3602 5.351349 4.965994 5.139394 5.685634 6.352457 7.1824 7.977314 8.731136 9.283336 9.717801 10.06768 10.23198 10.11105 9.66869 8.904756 7.870384 6.736263 6.070979 6.006162 6.176621 6.218235 6.168417 6.163363 6.268807 6.465986 6.630046 6.562837 6.177865 5.734583 5.317799 4.878532 4.40386 4.049308 4.001991 4.108985 4.18782 4.373898 4.604531 4.880145 5.281949 5.835362 6.253941 6.466565
12.78321 12.71727 12.96221 13.10745 13.21582 13.1415 12.73977 12.078 11.48217 11.15028 10.98984 10.86534 10.70769 10.41127 10.12553 10.03896 9.724246 8.546261 6.813537 5.480514 4.855798 4.775472 4.977829 5.313001 5.823791 6.713059 7.394117 8.086178 8.640347 9.119197 9.499063 9.663971 9.629755 9.439932 8.903579 7.866336 6.723045 6.269894 6.519103 6.814314 6.824833 6.654373 6.366256 6.016308 5.940119 6.234113 6.583786 6.510333 6.212589 5.990672 5.90736 5.74785 5.086039 4.529147 4.153099 3.930623 4.150847 4.508215 4.895973 5.361959 5.912866 6.268755 6.426044
12.45565 12.34482 12.74915 13.02925 13.20924 13.12251 12.6945 12.04959 11.46073 11.05032 10.77913 10.60472 10.60048 10.48456 10.29359 10.11205 9.51251 8.148489 6.549594 5.695831 5.558304 5.784771 6.056039 6.279355 6.642015 7.286125 7.84094 8.198985 8.463572 8.804953 9.122032 9.204569 9.151552 9.101089 8.82132 8.049734 7.205599 7.08715 7.629737 8.088137 8.148459 7.930114 7.4344 6.716226 6.374108 6.706917 7.418869 7.648785 7.633048 7.634093 7.816217 8.046742 6.910028 5.912677 5.125504 4.488986 4.606158 4.80999 5.017324 5.29011 5.658704 5.917268 6.06054
12.5265 12.08836 12.37406 12.85397 13.17752 13.17471 12.86836 12.408 11.9406 11.51453 11.10879 10.74514 10.77904 10.74537 10.54714 10.14523 9.359072 8.293142 7.220121 6.792524 6.892859 7.254292 7.619156 7.890929 8.241272 8.705901 8.985254 8.92939 8.861605 9.039326 9.295419 9.311218 9.167786 9.055556 8.85598 8.351521 7.801653 7.88393 8.623413 9.39662 9.73685 9.627037 9.094915 8.298068 7.88035 8.132183 8.804197 9.301914 9.498492 9.493479 9.430649 9.279813 8.56647 7.858589 7.233497 6.648936 6.323545 5.999085 5.642427 5.38574 5.371736 5.445812 5.484424
12.67595 11.95371 12.00559 12.57688 13.01298 13.05926 12.81367 12.52121 12.2815 11.95532 11.50664 11.1067 11.00193 10.94812 10.66742 10.04274 9.329899 8.983045 8.474558 8.202246 8.204897 8.453749 8.776421 9.032627 9.361163 9.75812 9.942924 9.760956 9.606072 9.745791 10.01097 10.0524 9.842775 9.51185 9.137028 8.724661 8.359833 8.496399 9.298748 10.3933 11.11737 11.19578 10.76771 10.15216 9.809494 9.929855 10.41777 10.94755 11.18261 11.01918 10.61744 10.26249 9.969849 9.812962 9.627995 9.235255 8.678127 7.822359 6.739111 5.772711 5.320276 5.240121 5.123273
12.41978 11.67994 11.58061 12.20905 12.74962 12.86109 12.60643 12.31101 12.18955 11.96174 11.53292 11.13788 10.97081 10.81175 10.34504 9.548123 8.94065 8.937355 9.018317 8.864857 8.741228 8.852775 9.06846 9.20756 9.484845 9.920811 10.20575 10.13098 10.08817 10.30918 10.65164 10.7995 10.62714 10.1444 9.583775 9.245537 9.164488 9.43355 10.14812 11.17844 12.00886 12.22424 12.04208 11.71443 11.38928 11.25587 11.47534 11.93279 12.09251 11.71891 11.06679 10.81356 10.94744 11.29091 11.49633 11.27931 10.63856 9.458918 7.877378 6.382023 5.516505 5.115861 4.87924
12.04292 11.46877 11.35101 12.00815 12.64993 12.8997 12.62017 12.13842 11.9145 11.70468 11.35449 11.03256 10.86551 10.57707 9.944586 9.121854 8.583632 8.602667 8.773824 8.674803 8.548799 8.622129 8.753965 8.796181 9.121333 9.705972 10.13367 10.15775 10.22115 10.51843 10.93067 11.20024 11.15284 10.69749 10.12849 9.984222 10.2386 10.6431 11.09812 11.62301 12.08395 12.33032 12.4512 12.44458 12.09281 11.66096 11.64441 12.13647 12.36402 11.89239 10.99912 10.98508 11.40115 12.02667 12.47136 12.37951 11.66689 10.32544 8.626429 7.060001 5.992244 5.262809 4.761953
12.05858 11.65477 11.59907 12.24109 12.97866 13.30336 12.96514 12.23146 11.77239 11.51564 11.27108 11.04506 10.87523 10.48681 9.799764 9.098133 8.513453 8.237746 8.172466 8.117874 8.131696 8.275453 8.406435 8.503908 9.037428 9.80534 10.27421 10.28354 10.36973 10.65684 11.03681 11.33684 11.38877 11.08344 10.68106 10.86603 11.32577 11.70824 11.84435 11.81531 11.76495 11.82143 12.08941 12.32969 11.98028 11.33419 11.19409 11.89996 12.51351 12.30411 11.51506 11.1669 11.4161 12.05581 12.65221 12.71577 11.93669 10.49105 8.916601 7.659142 6.603599 5.590416 4.795002
12.38529 12.13839 12.20197 12.77876 13.45415 13.69591 13.24225 12.35891 11.73063 11.44248 11.2945 11.12833 10.88524 10.38159 9.644278 9.112669 8.49978 7.957028 7.656854 7.653898 7.860744 8.148384 8.394599 8.690861 9.418029 10.2316 10.62118 10.66185 10.84912 11.11007 11.33509 11.48394 11.47686 11.34832 11.33781 11.72187 12.18908 12.45846 12.43311 12.17918 11.82712 11.61946 11.79753 12.04643 11.67272 10.94143 10.76389 11.64133 12.66289 12.77195 11.98079 11.23091 11.15594 11.69014 12.40635 12.70234 12.04051 10.62754 9.203435 8.246114 7.253742 6.072919 5.11276
12.45567 12.46751 12.78179 13.335 13.86715 13.9424 13.37761 12.44571 11.7352 11.46313 11.41797 11.31769 11.02977 10.49254 9.79113 9.143141 8.475468 7.882145 7.553875 7.609948 7.923484 8.340734 8.752263 9.199724 9.874052 10.58545 10.89938 11.08673 11.47823 11.78523 11.8876 11.80702 11.5763 11.49222 11.77649 12.35847 12.83494 13.04864 12.99235 12.69936 12.21352 11.7531 11.7378 11.82121 11.47386 10.89836 10.81004 11.65559 12.79973 13.14973 12.47943 11.54393 11.19209 11.45076 12.0215 12.42188 12.15155 11.16846 10.02129 9.172821 8.185881 6.963848 5.958922
12.28958 12.60221 13.24607 13.84334 14.21236 14.10775 13.48212 12.58051 11.83214 11.6049 11.64085 11.61427 11.30123 10.66114 9.813139 9.00293 8.431907 8.043516 7.830977 7.894968 8.209693 8.695711 9.195571 9.630709 10.15814 10.66662 11.02288 11.41593 11.97102 12.37831 12.45763 12.27586 11.8856 11.73345 12.01927 12.54188 13.00238 13.28956 13.31331 13.02839 12.51529 11.99154 11.74027 11.67253 11.4774 11.23775 11.31799 11.98091 12.95698 13.41492 13.00156 12.14191 11.62018 11.46325 11.61881 11.88518 12.02207 11.65186 10.86455 10.01736 9.085262 8.051711 7.186957
12.27539 12.75946 13.65357 14.2965 14.49384 14.21379 13.56599 12.74006 11.94678 11.80137 11.86149 11.84658 11.43444 10.53945 9.413486 8.541489 8.287122 8.275084 8.192373 8.194271 8.441349 8.885741 9.305678 9.579142 9.943096 10.4501 11.01946 11.62315 12.25054 12.61659 12.62326 12.60448 12.35822 12.12655 12.03196 12.06721 12.38939 12.86059 13.07675 12.84312 12.34666 11.85616 11.6148 11.63612 11.698 11.77004 11.97228 12.43712 13.10736 13.51455 13.31207 12.64043 12.09271 11.67184 11.40022 11.39528 11.65008 11.64214 11.11002 10.27314 9.494658 8.833694 8.301785
12.47044 12.94135 13.88023 14.47329 14.50373 14.09235 13.45525 12.76201 12.12725 11.87101 11.80578 11.61086 10.94093 9.751484 8.455934 7.713551 7.877771 8.328512 8.412039 8.383772 8.498446 8.741079 9.003826 9.270907 9.69144 10.2695 10.94293 11.64367 12.22124 12.33717 12.03641 12.3876 12.51435 12.25789 11.64408 11.04061 11.17227 11.87399 12.3252 12.26905 11.92946 11.64267 11.6368 11.88105 12.11242 12.27434 12.42927 12.68199 13.04961 13.28701 13.13486 12.62892 12.20658 11.87186 11.59438 11.47167 11.5896 11.55068 11.04046 10.1726 9.43327 9.00359 8.822708
12.46635 12.78047 13.56021 14.00033 13.95267 13.62694 13.16117 12.56922 11.9458 11.51595 11.15337 10.54732 9.604961 8.437109 7.413133 7.027835 7.548048 8.491755 8.809514 8.882236 8.845068 8.827502 8.954763 9.291356 9.781775 10.32998 10.9147 11.5044 11.84055 11.74293 11.50255 11.71339 11.81929 11.49389 10.75209 10.0638 10.22865 11.15438 11.6546 11.76091 11.65746 11.66615 11.91782 12.26904 12.47606 12.54851 12.53913 12.56273 12.67613 12.78213 12.7086 12.41881 12.16887 12.0306 11.95396 11.89289 11.87389 11.65203 10.99838 9.986113 9.09532 8.671959 8.779503
12.03114 12.00072 12.58019 12.95302 13.01671 12.99468 12.814 12.25329 11.49826 10.86668 10.23143 9.235622 8.204178 7.487901 7.181863 7.249293 7.793321 8.700415 9.416091 9.749557 9.679239 9.49012 9.424971 9.569408 9.931874 10.4191 10.89282 11.22134 11.15159 10.81458 10.6026 10.72859 10.66754 10.34107 9.885719 9.585402 9.820171 10.55234 11.1342 11.35858 11.4771 11.77296 12.22346 12.56715 12.64006 12.58933 12.4192 12.26661 12.22842 12.33848 12.47353 12.47409 12.3984 12.38213 12.43881 12.43729 12.30452 11.9115 11.09389 9.862961 8.695015 8.189074 8.520149
10.89643 10.65717 11.23442 11.79145 12.15198 12.453 12.44931 11.8159 10.89466 10.19767 9.617477 8.561989 7.721889 7.687884 8.21857 8.648419 9.003723 9.61617 10.35115 10.82775 10.85802 10.60022 10.16653 9.734224 9.81573 10.3643 10.81676 10.83751 10.37376 9.868962 9.720338 9.884583 9.85676 9.735955 9.661492 9.755444 10.02603 10.50096 10.89769 11.04559 11.23993 11.711 12.32168 12.72471 12.77448 12.58815 12.30315 12.08523 12.02798 12.24893 12.63279 12.89547 13.01184 13.05274 13.07526 12.94721 12.61871 12.11626 11.28446 9.959179 8.599144 8.057477 8.513
9.876442 9.6021 10.2129 11.02205 11.65058 12.0555 11.96548 11.21026 10.21437 9.584148 9.22047 8.624529 8.230923 8.77669 9.809167 10.2897 10.38682 10.69896 11.30464 11.83377 12.01734 11.67361 10.77359 9.76977 9.689107 10.39558 10.72913 10.4078 9.670382 9.057581 8.906004 9.155013 9.481178 9.830879 10.00869 10.2514 10.48712 10.7234 10.88373 10.93175 11.07647 11.56421 12.2894 12.84945 12.94428 12.67022 12.30313 12.09403 12.10919 12.45556 12.99974 13.43769 13.65487 13.72397 13.60095 13.16373 12.57382 12.06475 11.50501 10.45564 9.20443 8.692961 9.092539
9.897035 9.581048 9.957261 10.74986 11.33902 11.66296 11.47707 10.75201 9.748017 9.061157 8.790726 8.64246 8.757956 9.636809 10.73492 11.07458 11.04852 11.26803 11.81497 12.37092 12.62119 12.17485 11.0531 9.94027 9.850843 10.38206 10.52085 9.963251 9.194443 8.59585 8.354154 8.536709 9.162618 10.0709 10.37604 10.66462 10.87793 10.97312 10.99216 11.01845 11.13196 11.59023 12.36927 13.06183 13.20409 12.84837 12.35881 12.10269 12.20465 12.72225 13.41467 13.8945 14.03313 13.94418 13.58013 12.85424 12.0817 11.72152 11.63673 11.21008 10.33831 9.872944 10.09197
10.75132 10.31805 10.17544 10.4516 10.86517 11.11523 10.96908 10.36674 9.32453 8.4466 8.119635 8.302478 8.87826 9.865988 10.78438 10.97522 10.94575 11.18132 11.6801 12.23003 12.43229 11.96336 11.04547 10.36981 10.43454 10.62006 10.33317 9.682882 9.161898 8.75661 8.402252 8.256006 8.614241 9.451619 10.22113 10.81638 11.11828 11.14254 11.10929 11.23045 11.45172 11.90216 12.60437 13.26461 13.42756 13.06565 12.49284 12.14004 12.30483 13.02531 13.88503 14.31569 14.15279 13.6877 13.04536 12.16904 11.2809 11.02603 11.42731 11.7652 11.43844 11.08596 11.12498
11.65505 11.1084 10.49271 10.21101 10.31166 10.49743 10.40953 9.827924 8.720488 7.762181 7.492288 7.970858 8.905342 9.778422 10.44544 10.56168 10.56095 10.75308 11.06149 11.59373 11.73827 11.36354 10.8685 10.79798 11.04029 10.88996 10.24918 9.70345 9.611103 9.536271 9.147676 8.584481 8.287334 8.739784 9.774353 10.81181 11.26952 11.2089 11.14591 11.46858 11.90883 12.31822 12.78683 13.26356 13.47164 13.26838 12.76883 12.36005 12.52364 13.36401 14.32327 14.66549 14.18182 13.33401 12.47807 11.59912 10.66093 10.36617 10.99252 11.90944 12.11331 11.9644 11.89026
12.1242 11.49452 10.56603 9.945271 9.87743 10.02194 9.849293 9.159745 8.12622 7.384074 7.364667 8.091312 9.28325 9.742344 10.09828 10.19494 10.29413 10.47506 10.70985 11.0459 11.19932 10.93934 10.6463 10.84825 11.21523 11.03376 10.39102 10.0464 10.29616 10.50031 10.16317 9.311804 8.333424 8.184232 9.199493 10.67699 11.35009 11.23511 11.17242 11.72588 12.29608 12.50155 12.69653 13.02611 13.36839 13.44751 13.14809 12.75994 12.77997 13.51424 14.409 14.72121 14.2138 13.25779 12.33291 11.57108 10.77572 10.42422 10.93727 11.9865 12.48074 12.51554 12.35842
11.9943 11.32569 10.29598 9.637071 9.555035 9.611356 9.173016 8.402198 7.662959 7.359777 7.640282 8.362752 9.211739 9.650632 9.931656 10.13075 10.34927 10.42556 10.44824 10.69402 11.01521 10.93589 10.67161 10.82528 11.26314 11.29212 10.88708 10.72926 11.10921 11.41304 11.14049 10.22489 8.889704 8.256147 9.044278 10.70048 11.59456 11.63963 11.69572 12.30465 12.75227 12.59805 12.63599 12.84454 13.2672 13.56254 13.42598 12.97814 12.81874 13.25278 13.94652 14.2993 13.98596 13.11769 12.25718 11.7557 11.38586 11.15055 11.396 12.16593 12.65423 12.83944 12.80984
11.46153 10.79399 9.877605 9.366817 9.27082 9.214567 8.429235 7.719856 7.420954 7.635272 8.2314 8.934824 9.49593 9.815818 10.1214 10.51574 10.84282 10.79019 10.59346 10.77466 11.24476 11.36393 11.15918 11.2229 11.67933 11.87156 11.59955 11.46984 11.76033 11.97813 11.73404 10.97749 9.771906 9.045951 9.610065 11.1671 12.25651 12.6436 12.84653 13.22299 13.36446 13.06504 12.74752 12.65077 12.90967 13.25936 13.34451 13.06023 12.73758 12.73538 13.06147 13.36763 13.20933 12.4491 11.70536 11.62425 11.83641 11.89627 11.95574 12.31189 12.62728 12.88037 12.99773
