0-dem.txt
ncols         387
nrows         303
xllcorner     119.00109863281
yllcorner     -3.5238190887213
cellsize      7.4985002999418e-05
NODATA_value  -9999
[rows 224 to 251 of 303, columns 63 to 125 of 387]
3.026148 3.051188 3.132248 3.243901 3.28388 3.209684 3.204313 3.352873 3.643036 3.906858 3.889666 3.644512 3.407327 3.356044 3.412159 3.412461 3.312871 3.199326 3.153026 3.122526 3.044743 2.914744 2.812441 2.877555 3.174026 3.659337 4.290523 4.948886 5.448388 5.893196 6.338628 6.921715 7.464235 7.757905 8.004688 8.085539 8.049879 8.184875 8.466585 8.503695 8.484301 8.713408 8.486376 7.469636 6.297903 5.786053 5.567388 5.64501 5.763476 5.793252 5.940149 6.203519 6.234114 5.8052 5.464501 5.553665 5.921824 6.193426 6.201777 6.057674 5.912701 5.856202 5.816742
3.16363 3.180729 3.198105 3.25291 3.273337 3.19196 3.220721 3.326929 3.486196 3.59005 3.511603 3.325994 3.185221 3.178113 3.235405 3.230529 3.120333 2.978468 2.91719 2.876571 2.818077 2.7552 2.722746 2.730314 2.843167 3.145848 3.720643 4.289559 4.648568 4.979061 5.569687 6.244384 6.874548 7.507845 8.11438 8.500953 8.628487 8.726702 8.570112 8.197989 7.968245 7.982424 7.535288 6.540009 5.565376 5.149708 5.078829 5.207751 5.35919 5.48922 5.809696 6.203828 6.282047 5.898791 5.64188 5.749434 5.981831 6.011451 5.848541 5.65805 5.508257 5.428164 5.353443
3.264349 3.28019 3.259459 3.275376 3.30175 3.274164 3.279122 3.302209 3.325552 3.319013 3.247107 3.168967 3.129852 3.147425 3.204929 3.224242 3.163135 3.062784 3.017702 2.941688 2.86123 2.816975 2.813641 2.736157 2.739727 3.007422 3.62807 4.140797 4.371994 4.691439 5.451117 6.232537 6.912858 7.696319 8.412533 8.987833 9.127934 9.049921 8.612588 8.123734 7.892283 7.782557 7.20876 6.204729 5.309575 4.92268 4.861184 4.971767 5.167984 5.472812 6.001922 6.529692 6.676961 6.341217 6.011178 5.920102 5.890293 5.75308 5.598979 5.523373 5.396965 5.287522 5.15344
3.335912 3.348084 3.316293 3.313204 3.346572 3.363364 3.35988 3.316194 3.252131 3.213278 3.17234 3.182602 3.212599 3.240332 3.278337 3.29688 3.282843 3.254916 3.260564 3.139318 3.03657 3.000455 3.018033 2.812119 2.754611 3.076142 3.791259 4.34312 4.620484 5.154922 6.152937 7.109903 7.901037 8.74518 9.417167 9.699465 9.512884 9.087061 8.479149 8.052896 7.940908 7.811895 7.301393 6.388424 5.585044 5.220384 5.138368 5.236955 5.509307 5.977467 6.557754 6.994872 7.040542 6.662813 6.161994 5.857589 5.636316 5.479841 5.462883 5.598195 5.442195 5.291879 5.117668
3.420385 3.422194 3.393844 3.384339 3.413827 3.446943 3.43348 3.363331 3.278598 3.23334 3.227564 3.264864 3.311443 3.335687 3.336236 3.333352 3.339393 3.343412 3.322216 3.225061 3.140343 3.092872 3.028066 2.861381 2.872956 3.307742 4.094058 4.751879 5.239404 6.188548 7.4003 8.43714 9.217423 9.882889 10.16271 9.956594 9.402017 8.764273 8.179949 7.889793 7.89654 7.869892 7.449809 6.753285 6.151915 5.853755 5.767982 5.891239 6.261936 6.834537 7.24826 7.307385 7.031429 6.558403 6.016894 5.599066 5.338002 5.241297 5.292734 5.408516 5.363016 5.245465 5.097712
3.529672 3.520083 3.492819 3.471561 3.468987 3.474916 3.44733 3.398184 3.361013 3.350947 3.350449 3.376646 3.415415 3.425807 3.394887 3.367337 3.367754 3.368956 3.320525 3.230237 3.172209 3.117738 3.038397 2.987615 3.197858 3.80678 4.614589 5.370854 6.18755 7.371912 8.601315 9.468832 9.926893 10.08586 9.755266 9.077998 8.411283 7.991229 7.810124 7.842575 7.966867 7.941691 7.596928 7.082749 6.616414 6.32215 6.239806 6.439286 6.90136 7.504899 7.629512 7.238078 6.626969 6.082457 5.613246 5.286093 5.12005 5.096942 5.181133 5.271852 5.253241 5.155665 5.041377
3.594529 3.578542 3.530344 3.476811 3.435135 3.425344 3.415104 3.411548 3.433762 3.473781 3.49365 3.515172 3.537745 3.528368 3.476676 3.420806 3.387423 3.366113 3.317941 3.253752 3.237658 3.14107 3.08269 3.20838 3.691704 4.502236 5.307064 6.047677 6.925805 8.065766 9.082837 9.616746 9.588056 9.111225 8.28746 7.445846 7.066303 7.186063 7.560039 7.978124 8.276083 8.267233 7.929941 7.388884 6.819073 6.421073 6.355381 6.697136 7.297615 7.763195 7.514242 6.769603 6.013078 5.522267 5.21244 5.052242 5.00328 5.021201 5.09673 5.160767 5.152245 5.079081 4.966209
3.615069 3.586619 3.500866 3.407553 3.355538 3.362834 3.387777 3.425659 3.494312 3.5779 3.622112 3.64073 3.649107 3.634821 3.570444 3.489177 3.422366 3.38796 3.356455 3.290506 3.211493 3.123953 3.116 3.402122 4.075262 4.959634 5.708759 6.395821 7.203934 8.126888 8.847762 9.044038 8.54543 7.515459 6.532181 5.853576 6.017961 6.723703 7.493519 8.166285 8.609575 8.651663 8.296261 7.621702 6.840341 6.329535 6.247429 6.656207 7.280602 7.556384 7.003381 6.10757 5.420237 5.075603 4.931425 4.899793 4.915763 4.938331 4.980791 5.022479 5.036653 4.999695 4.873847
3.636592 3.593476 3.487638 3.381622 3.335834 3.354812 3.388018 3.449209 3.562999 3.677255 3.72581 3.729685 3.729761 3.72868 3.637685 3.542333 3.48044 3.467177 3.453574 3.370428 3.226635 3.106409 3.124263 3.47947 4.131189 4.820682 5.398361 6.059623 6.897269 7.734496 8.310122 8.283129 7.410137 5.956244 4.929762 4.781238 5.552639 6.695151 7.613773 8.288465 8.71911 8.775661 8.431822 7.716634 6.828446 6.330613 6.181144 6.480281 6.933363 6.967068 6.288075 5.480238 5.008132 4.799667 4.756225 4.768457 4.778752 4.780067 4.794537 4.82725 4.868247 4.86279 4.721875
3.686396 3.645582 3.559141 3.462137 3.402968 3.38597 3.384915 3.453423 3.604601 3.758016 3.81712 3.817238 3.799396 3.751247 3.637082 3.547555 3.529846 3.552477 3.528662 3.407624 3.211936 3.080154 3.145241 3.523506 4.005613 4.295603 4.624693 5.231009 6.159048 7.090425 7.701325 7.567679 6.48144 4.900693 4.078125 4.386674 5.542241 6.877159 7.792822 8.325593 8.598377 8.60737 8.333891 7.771564 7.072256 6.55656 6.281593 6.299795 6.36303 6.092569 5.474031 4.957715 4.792769 4.649997 4.642789 4.641931 4.598179 4.549062 4.547785 4.579795 4.634822 4.644899 4.499797
3.74041 3.710129 3.661554 3.584364 3.509529 3.443508 3.403764 3.468647 3.631154 3.795226 3.876354 3.897427 3.872887 3.782714 3.639242 3.554407 3.559274 3.576019 3.515164 3.38237 3.187573 3.105377 3.263175 3.698606 4.085026 4.078578 4.366275 4.856585 5.613585 6.35125 6.771959 6.498526 5.456153 4.167452 3.72785 4.362543 5.671012 7.004606 7.854293 8.196859 8.233692 8.179542 8.076464 7.791543 7.318941 6.825062 6.413306 6.095507 5.75262 5.28513 4.831256 4.573062 4.515481 4.4858 4.534911 4.548729 4.480427 4.393262 4.345273 4.333141 4.338158 4.31898 4.222873
3.796148 3.757236 3.716639 3.675625 3.623875 3.552763 3.500119 3.542269 3.657878 3.779852 3.860959 3.89721 3.877623 3.787694 3.65811 3.585771 3.579439 3.557494 3.454794 3.310146 3.18047 3.178401 3.436605 3.964243 4.450349 4.606216 4.771368 5.048707 5.406375 5.636367 5.635737 5.207363 4.423323 3.667059 3.630399 4.450721 5.753976 6.965887 7.698697 7.844254 7.663325 7.634168 7.813024 7.879233 7.613636 7.068472 6.419586 5.782635 5.219787 4.784248 4.52004 4.434335 4.420542 4.405816 4.464156 4.489453 4.421016 4.311662 4.223704 4.149487 4.067696 3.979156 3.914207
3.848068 3.78395 3.725094 3.712814 3.72447 3.708889 3.674352 3.684713 3.709399 3.747991 3.78864 3.810014 3.801713 3.764514 3.690248 3.63539 3.602188 3.553429 3.450156 3.311715 3.218134 3.264975 3.591517 4.147343 4.624571 4.796672 4.928782 5.110245 5.186132 4.99005 4.680227 4.190899 3.716025 3.416413 3.647971 4.539299 5.77214 6.81339 7.365789 7.317055 6.984763 7.109851 7.582387 7.943649 7.805664 7.126638 6.174243 5.318516 4.775054 4.549808 4.405712 4.387559 4.387382 4.37007 4.406093 4.410301 4.337952 4.228781 4.123414 4.017571 3.893653 3.766472 3.701705
3.855135 3.77658 3.695518 3.697939 3.773937 3.831588 3.826391 3.806632 3.782577 3.760602 3.762408 3.761148 3.762183 3.790341 3.751023 3.693667 3.622247 3.556336 3.478179 3.333133 3.250898 3.351924 3.776405 4.334612 4.642963 4.555352 4.503002 4.609814 4.639493 4.371655 4.018132 3.675839 3.432548 3.352089 3.684076 4.58739 5.754667 6.63408 6.97898 6.793096 6.484357 6.630424 7.174667 7.583106 7.425454 6.659134 5.611603 4.771954 4.350791 4.226333 4.188605 4.192272 4.199061 4.206044 4.247558 4.231942 4.149129 4.039742 3.926131 3.838244 3.769927 3.703646 3.660212
3.837413 3.770556 3.683978 3.68734 3.793048 3.898283 3.921345 3.895685 3.85249 3.80865 3.792897 3.773004 3.759219 3.783988 3.791406 3.747442 3.657967 3.567594 3.47078 3.34074 3.269932 3.416386 3.928879 4.493931 4.645524 4.281282 3.975794 3.946853 3.998309 3.880301 3.698246 3.555328 3.478052 3.463526 3.770761 4.591268 5.619011 6.306485 6.467153 6.181462 5.850967 5.917759 6.318781 6.559547 6.317159 5.648655 4.860285 4.304568 4.08314 4.029552 4.008278 3.978756 3.940366 3.902568 3.954062 3.939822 3.871693 3.783228 3.688342 3.663438 3.703156 3.730778 3.711428
3.807461 3.768194 3.697111 3.709921 3.833062 3.965274 3.995845 3.941603 3.870142 3.832882 3.823673 3.799898 3.774565 3.789402 3.818036 3.804715 3.730038 3.623849 3.509851 3.385787 3.321637 3.456403 3.929651 4.416015 4.472223 4.012548 3.579972 3.438057 3.496107 3.542575 3.550007 3.594267 3.676654 3.655243 3.894247 4.573634 5.406854 5.93527 5.999388 5.633968 5.188549 5.066766 5.224869 5.269248 5.022491 4.619998 4.251163 4.013119 3.959427 3.9634 3.94777 3.891368 3.809238 3.733176 3.703634 3.668144 3.625189 3.583035 3.542646 3.593818 3.711896 3.774131 3.738729
3.774981 3.761091 3.722999 3.761428 3.905276 4.056209 4.072718 3.952573 3.82437 3.802647 3.814609 3.798981 3.772462 3.785456 3.831841 3.858715 3.810332 3.691412 3.56814 3.46488 3.425508 3.498648 3.78377 4.052489 4.022402 3.642665 3.285428 3.150441 3.216044 3.34271 3.45074 3.612771 3.867811 3.770114 3.977573 4.549759 5.231226 5.747541 5.842672 5.409176 4.774327 4.423419 4.361835 4.310984 4.178362 4.06714 4.016345 3.892449 3.883363 3.927689 3.943686 3.898729 3.79206 3.657218 3.562798 3.507976 3.486108 3.492583 3.52074 3.626079 3.750676 3.767786 3.677704
3.765077 3.779063 3.777138 3.819053 3.939442 4.076733 4.083781 3.928032 3.765625 3.763764 3.799167 3.797009 3.779441 3.801077 3.852765 3.892741 3.845844 3.713748 3.590899 3.517597 3.512646 3.57197 3.677365 3.70537 3.585217 3.31574 3.107615 3.044211 3.117989 3.251605 3.379806 3.505495 3.635904 3.69091 4.012232 4.579106 5.246128 5.841456 6.032027 5.562154 4.762175 4.221399 3.999661 3.897377 3.854473 3.880763 3.891301 3.821021 3.790046 3.829926 3.871068 3.865476 3.773967 3.609149 3.480391 3.420106 3.407554 3.422735 3.482952 3.604555 3.704608 3.676045 3.555479
3.759324 3.809639 3.82298 3.821676 3.859989 3.942724 3.964375 3.856864 3.728865 3.758511 3.805954 3.813669 3.81226 3.848119 3.892344 3.909039 3.857704 3.744945 3.64522 3.597106 3.616411 3.66294 3.639137 3.486399 3.32473 3.134948 3.02608 2.994606 3.053806 3.194241 3.458727 3.728603 3.902928 4.020976 4.374932 4.892159 5.497147 6.083889 6.221462 5.658694 4.780101 4.206915 3.976345 3.844874 3.811999 3.849043 3.841751 3.756292 3.682407 3.686661 3.72434 3.764414 3.731344 3.588157 3.454307 3.394063 3.36848 3.337914 3.368565 3.476498 3.574169 3.556408 3.445282
3.726037 3.807691 3.817284 3.765131 3.722283 3.744969 3.79417 3.783731 3.745642 3.775098 3.807974 3.81981 3.841874 3.894804 3.918841 3.899373 3.847667 3.786981 3.742374 3.721383 3.743649 3.755393 3.655869 3.454705 3.259987 3.09381 2.990288 2.926532 2.939367 3.143801 3.692874 4.279634 4.63545 4.797435 5.131968 5.556009 5.984282 6.318481 6.156416 5.422431 4.567259 4.128554 4.045867 3.901399 3.855798 3.854388 3.784429 3.652551 3.54517 3.521548 3.556109 3.635485 3.6701 3.580346 3.458855 3.392141 3.337671 3.257586 3.2415 3.319462 3.418221 3.433818 3.35821
3.664962 3.763156 3.762753 3.693465 3.62338 3.612468 3.674408 3.7267 3.743683 3.764125 3.782799 3.802402 3.847251 3.913274 3.921114 3.87289 3.821586 3.812243 3.834764 3.837041 3.849071 3.806784 3.652829 3.441415 3.27379 3.119195 2.955432 2.79727 2.782742 3.114488 3.939274 4.75594 5.270178 5.532357 5.92371 6.297605 6.477083 6.366236 5.775871 4.879708 4.123997 3.8397 3.824692 3.841363 3.892507 3.895039 3.745033 3.53375 3.396276 3.378485 3.433806 3.531043 3.592096 3.544305 3.437606 3.358986 3.27676 3.199909 3.181389 3.229124 3.288116 3.292726 3.255438
3.692026 3.750137 3.720397 3.648562 3.581331 3.555231 3.613178 3.688809 3.732981 3.759857 3.792792 3.825308 3.865252 3.909896 3.90062 3.849861 3.810344 3.816031 3.83801 3.852608 3.847459 3.775455 3.636239 3.443589 3.326349 3.190686 2.97559 2.7119 2.687606 3.12706 4.009988 4.720023 5.286042 5.727961 6.28727 6.684237 6.638659 6.100006 5.17711 4.24798 3.653456 3.507899 3.58153 3.745 3.919942 3.956773 3.749788 3.465901 3.309317 3.313737 3.394786 3.473846 3.500154 3.454456 3.352716 3.253027 3.181867 3.160466 3.183914 3.205637 3.184551 3.124027 3.112618
3.705308 3.752804 3.710292 3.637879 3.577154 3.552403 3.609539 3.693084 3.757044 3.819408 3.895086 3.942418 3.946433 3.920794 3.86007 3.804435 3.788059 3.807695 3.819151 3.811909 3.774388 3.682173 3.550148 3.432634 3.365452 3.262392 3.075085 2.725254 2.677725 3.149108 3.934973 4.334566 5.034349 5.682022 6.377357 6.781366 6.575542 5.745696 4.609778 3.714583 3.260516 3.21664 3.382449 3.643892 3.87062 3.900262 3.682338 3.407658 3.297464 3.323487 3.402619 3.448223 3.437749 3.390836 3.30603 3.220413 3.183305 3.210995 3.231815 3.179384 3.073757 2.972193 2.991185
3.687331 3.742252 3.719543 3.670524 3.633642 3.62873 3.684552 3.758571 3.820553 3.911057 4.019226 4.071602 4.035732 3.938219 3.811694 3.743406 3.755709 3.807725 3.831325 3.813174 3.755439 3.658374 3.539431 3.439777 3.362741 3.254921 3.077177 2.803154 2.748578 3.173985 3.929899 4.447791 4.972734 5.608213 6.268663 6.601357 6.314896 5.398536 4.199657 3.409995 3.04622 3.048958 3.262598 3.548818 3.752706 3.750921 3.573691 3.391052 3.327404 3.352795 3.404986 3.420302 3.38852 3.332252 3.251365 3.204669 3.256052 3.376793 3.387689 3.218437 3.035295 2.917095 2.953826
3.648181 3.701254 3.718131 3.720406 3.731093 3.763829 3.825098 3.865563 3.896057 3.976224 4.071705 4.099933 4.033942 3.916865 3.757776 3.692232 3.731594 3.819501 3.870813 3.867171 3.816088 3.724752 3.595503 3.465957 3.353607 3.261233 3.170832 2.986942 2.86571 3.077112 3.64415 4.183403 4.690591 5.267976 5.782057 5.992518 5.724597 4.988515 4.053696 3.363035 3.032551 3.02487 3.211319 3.451207 3.608417 3.601601 3.485684 3.37743 3.34343 3.360753 3.377989 3.361487 3.305865 3.221758 3.117169 3.111143 3.306387 3.620851 3.716484 3.445296 3.19869 3.019955 3.014328
3.621679 3.653807 3.685326 3.713496 3.756202 3.82915 3.910315 3.943148 3.954904 4.009453 4.057392 4.024072 3.908278 3.775658 3.674651 3.653181 3.707241 3.794593 3.841433 3.839442 3.808231 3.756989 3.629965 3.48816 3.371124 3.323729 3.321677 3.193561 2.969589 2.902209 3.18315 3.617443 4.084871 4.54028 4.842274 4.911386 4.721138 4.291817 3.744803 3.292686 3.052255 3.041065 3.171355 3.333148 3.449636 3.47259 3.427801 3.378671 3.366626 3.374094 3.340168 3.273998 3.188603 3.090193 2.974941 3.000383 3.323754 3.865832 4.184874 4.01931 3.611676 3.25948 3.126449
3.642266 3.639006 3.643071 3.657119 3.71894 3.845135 3.963125 4.002635 3.993279 4.003745 4.002179 3.932806 3.802884 3.680562 3.624093 3.620184 3.650829 3.701746 3.723103 3.69897 3.652419 3.603968 3.530686 3.453514 3.4102 3.44071 3.481858 3.359237 3.063317 2.82832 2.908575 3.20206 3.553209 3.849085 3.975144 3.93684 3.804024 3.605113 3.37658 3.169672 3.048759 3.059879 3.155368 3.241721 3.328561 3.387332 3.391433 3.371552 3.363237 3.354825 3.286372 3.201681 3.107281 3.013818 2.91279 2.959736 3.327795 3.962455 4.411077 4.344584 3.902227 3.455952 3.224919
3.708314 3.680279 3.642152 3.620617 3.692469 3.865808 4.005732 4.031693 3.982048 3.940772 3.909006 3.852951 3.763644 3.676863 3.641393 3.622429 3.613174 3.630119 3.629646 3.57059 3.485612 3.426653 3.409736 3.456973 3.563407 3.713181 3.799261 3.649938 3.293266 2.983261 2.965219 3.125351 3.311746 3.4595 3.515552 3.419057 3.297159 3.196442 3.131097 3.066594 3.028877 3.080957 3.196973 3.223513 3.285241 3.354436 3.358417 3.320249 3.28932 3.267938 3.199968 3.127119 3.067525 3.010441 2.952742 3.0201 3.340142 3.872411 4.255686 4.229174 3.878267 3.494802 3.263234
