0-dem.txt
ncols         387
nrows         303
xllcorner     119.00109863281
yllcorner     -3.5238190887213
cellsize      7.4985002999418e-05
NODATA_value  -9999
[rows 0 to 27 of 303, columns 252 to 314 of 387]
10.05817 10.1835 10.257 10.01862 9.407806 8.768784 8.511369 8.618555 8.910185 9.676965 10.55089 11.07726 11.19369 11.39712 11.56921 11.49552 10.95114 10.28767 9.822168 9.819077 10.35097 11.49214 12.10543 12.3495 12.86047 13.79466 14.53857 15.15986 16.17299 17.12908 17.59163 17.9576 18.13533 18.9762 20.00699 21.00305 22.06441 23.0074 23.62828 23.91856 24.09753 24.71432 25.16737 25.27595 25.10333 24.79264 24.54287 24.19281 23.94444 23.90784 24.49391 25.18064 25.83852 26.04589 25.63241 24.90157 24.35905 24.06383 24.15946 24.88357 25.81637 26.61452 27.15905
9.792322 9.947302 10.07823 9.834505 9.124061 8.383681 8.210568 8.643008 9.17866 9.849524 10.51385 10.94487 11.04966 11.63256 11.91596 11.78174 11.12814 10.05188 9.013683 8.545509 8.942554 10.08181 10.89576 11.31133 11.90542 12.72488 13.26568 13.715 14.58416 15.43712 15.96044 16.43705 17.08662 18.07613 18.99465 19.65904 20.25414 21.04887 21.67185 21.90011 21.74001 22.57446 23.02175 22.96468 22.42773 21.51203 21.0803 20.69872 20.74955 21.19704 21.89256 22.51318 22.93868 22.7765 22.00149 21.15208 21.05518 21.4986 22.30088 23.3604 24.46904 25.48569 26.19906
9.608631 9.72002 9.812668 9.513005 8.788734 8.13245 8.22381 9.091738 9.676574 9.948938 10.0913 10.27266 10.53244 11.05523 11.36903 11.30355 10.81341 9.84279 8.675671 7.977809 8.314968 9.472645 10.49093 11.20735 12.00156 12.67048 12.9253 13.12942 13.77886 14.36771 14.80397 15.34435 16.17414 17.24099 18.17609 18.6481 18.69827 19.41398 20.11382 20.56655 20.647 20.85037 20.86734 20.59482 19.87729 18.73335 17.85368 17.5512 18.04693 18.81098 19.43028 19.74807 19.77965 19.21698 18.10148 17.0469 17.404 18.40866 19.66418 20.96042 22.25561 23.56283 24.59007
9.457267 9.480724 9.465074 9.078804 8.403726 8.015232 8.428653 9.453459 10.13938 9.969191 9.523222 9.36524 9.602684 10.08841 10.35976 10.30132 10.01614 9.387395 8.451052 7.892801 8.404861 9.60107 10.65144 11.51772 12.50512 13.1614 13.22447 13.1251 13.49922 13.77142 13.98767 14.3793 15.0741 16.092 17.16904 17.78487 17.77417 18.0176 18.58046 19.10677 19.07902 18.54288 17.98156 17.56005 16.90181 15.71756 14.88047 15.05854 16.13764 16.90206 17.15777 16.99986 16.63474 15.8873 14.8713 14.13228 14.49047 15.6216 17.02633 18.42559 19.82469 21.31512 22.68328
9.147909 9.078521 8.951811 8.519336 8.039202 8.079753 8.810556 9.82316 10.32322 9.840937 9.173243 8.980768 9.278029 9.735114 9.861015 9.683816 9.479509 9.058449 8.390836 8.164763 8.950867 10.13548 11.07872 11.95935 13.0393 13.75883 13.70469 13.1577 13.1621 13.15145 13.25257 13.54446 14.0115 14.72245 15.56266 15.9965 15.7561 15.69139 16.17224 16.73614 16.53292 15.36106 14.34334 14.01473 13.83154 12.92857 12.43397 13.09189 14.59086 14.99873 14.85996 14.3751 13.84579 13.12032 12.46516 12.14395 12.55643 13.63665 15.0304 16.46323 17.86966 19.3224 20.79868
8.742464 8.5508 8.329388 7.982008 7.863049 8.333178 9.184004 9.943821 10.14501 9.598465 9.102377 9.122942 9.487273 9.89431 9.906416 9.617783 9.363169 9.006155 8.482942 8.459969 9.295246 10.38183 11.24742 12.17044 13.20632 13.87491 13.71105 12.91612 12.31979 12.18068 12.48105 12.91 13.15898 13.29191 13.47538 13.44863 13.00171 12.78947 13.15214 13.6676 13.49665 12.20137 11.20823 11.18942 11.62754 10.89003 10.52516 11.02819 11.99761 12.37028 12.29484 11.9117 11.37536 10.89379 10.52544 10.61135 11.22683 12.23112 13.47903 14.84613 16.21807 17.51 18.75846
8.38048 7.983112 7.716649 7.637281 7.956072 8.720832 9.46875 9.885351 9.966163 9.661268 9.512863 9.6947 9.965208 10.30898 10.2684 9.860106 9.402908 9.025214 8.42842 8.342746 8.963787 9.920888 10.82164 11.6824 12.50556 12.941 12.56229 11.59958 10.89052 11.02088 11.73013 12.3634 12.4112 11.9431 11.47756 11.09244 10.60439 10.31581 10.47665 10.86123 10.94756 9.8391 9.149111 9.271093 9.687394 9.43056 9.167179 9.29848 9.705322 10.01613 10.21377 10.21203 9.927571 9.641129 9.269802 9.62042 10.43145 11.26568 12.21031 13.40009 14.69384 15.70092 16.33677
7.983058 7.344481 7.174415 7.541402 8.144055 8.991159 9.571542 9.82211 10.21783 10.41876 10.56993 10.69342 10.67774 10.99 10.83595 10.13228 9.227654 8.547516 7.972134 7.751327 8.077667 8.845394 9.665631 10.39249 10.97736 11.16091 10.64666 9.818132 9.503765 10.05183 11.00237 11.64464 11.50733 10.70564 9.996621 9.59948 9.23385 8.863063 8.772252 8.842732 8.738313 8.24282 8.028516 8.323288 8.767609 8.703361 8.358477 8.146096 8.287786 8.698767 9.12449 9.343396 9.132994 8.719778 8.593922 9.187075 10.06316 10.61926 11.19226 12.16024 13.32756 13.93911 13.72069
7.249729 6.523201 6.651099 7.5668 8.055811 8.808697 9.382949 9.792686 10.96157 11.73485 12.06581 12.13348 12.10985 12.15457 11.62509 10.40629 9.034798 8.168056 7.606924 7.293777 7.390139 7.884044 8.483795 9.070655 9.523705 9.571413 9.107479 8.61092 8.697227 9.309536 10.06416 10.48602 10.26629 9.492147 8.914081 8.703967 8.558441 8.137924 7.938719 7.838426 7.624335 7.41447 7.457014 7.903085 8.425056 8.366652 7.809796 7.333006 7.447431 8.055592 8.517982 8.68327 8.385466 7.979806 8.072523 8.798709 9.662935 10.02291 10.35072 11.15103 12.19265 12.46594 11.54761
6.406608 5.817776 6.11684 6.959754 7.665637 8.508652 9.360638 10.39503 11.92746 12.97214 13.33072 13.31337 13.26611 13.10479 12.19 10.53069 8.882166 7.94852 7.446325 7.175103 7.204906 7.431146 7.783545 8.210381 8.597666 8.565687 8.205987 7.987947 8.22626 8.563957 8.848248 8.95708 8.832558 8.361965 8.076392 7.956127 7.799074 7.598335 7.512285 7.398209 7.162895 7.10213 7.238161 7.748254 8.238295 8.045598 7.284912 6.659715 6.740197 7.268817 7.687748 7.695792 7.278677 7.00352 7.377048 8.254305 9.207621 9.470364 9.605377 10.22379 11.12925 11.20379 9.986943
5.899685 5.595713 6.047502 6.806981 7.480677 8.296319 9.268709 10.54595 12.15795 13.31593 13.71163 13.60754 13.42288 12.95886 11.77956 10.09082 8.619292 7.793965 7.351887 7.178167 7.297235 7.320022 7.522256 7.831353 8.077719 7.924478 7.604896 7.534138 7.805656 7.827831 7.662895 7.459141 7.389082 7.41451 7.427423 7.305797 7.107971 7.028322 7.040984 6.966869 6.778621 6.78726 7.055892 7.527848 7.814412 7.435149 6.612477 6.030738 6.10328 6.477061 6.740176 6.617874 6.148141 5.994034 6.642361 7.785019 8.67131 8.775705 8.671904 9.044948 9.771768 9.734408 8.547776
5.95538 5.873129 6.357247 6.958331 7.428287 8.040934 8.859919 9.936424 11.24961 12.37569 12.7872 12.50156 12.11419 11.34915 10.15778 8.910372 8.041512 7.492411 7.060006 6.888088 6.960142 7.09083 7.306747 7.524397 7.584608 7.285797 6.92718 6.885968 7.152284 7.149432 6.804653 6.442994 6.447838 6.728315 6.844381 6.669889 6.426522 6.346035 6.358107 6.337192 6.30427 6.464811 6.779313 7.071196 7.060603 6.567298 5.854429 5.478547 5.568177 5.803575 5.95595 5.834241 5.381421 5.217957 5.932674 7.121428 7.809372 7.763938 7.470824 7.617245 8.126669 7.995512 7.015239
6.417543 6.432703 6.820312 7.174497 7.332514 7.576947 8.022474 8.673709 9.545135 10.49094 10.69456 9.968153 9.609616 8.978698 8.139651 7.421812 7.043995 6.685195 6.398532 6.376179 6.57269 6.797174 6.952897 7.018508 6.942549 6.570471 6.188445 6.160621 6.4733 6.540982 6.185519 5.752116 5.717387 5.966477 6.063325 5.95403 5.796501 5.745456 5.723048 5.729124 5.857003 6.13974 6.425893 6.528591 6.334795 5.891105 5.344566 5.184633 5.223245 5.29474 5.347085 5.28246 4.829385 4.635413 5.348808 6.453882 6.808536 6.76004 6.478101 6.546802 6.841106 6.640047 6.009018
6.808386 6.882789 7.191532 7.336978 7.220393 7.118914 7.205816 7.483541 8.033039 8.830924 8.878057 8.068155 7.467556 7.127924 6.678265 6.141 5.797296 5.534989 5.485105 5.747465 6.172901 6.454674 6.461758 6.334327 6.197129 5.866434 5.581959 5.644749 6.018605 6.164955 5.876609 5.368233 5.109496 5.11789 5.122066 5.112506 5.209906 5.317704 5.341376 5.396084 5.644611 5.980031 6.202359 6.197011 5.983956 5.673922 5.327003 5.154245 5.113993 5.031065 4.890997 4.697518 4.411182 4.37579 5.186806 6.311827 6.660866 6.392902 6.100383 6.133144 6.204694 5.927735 5.575175
6.815185 6.903695 7.106633 7.175734 7.028 6.863127 6.807582 6.867657 7.122521 7.651788 7.492901 6.624141 6.074718 6.105412 5.948849 5.37602 4.833654 4.575425 4.702959 5.190849 5.816249 6.164474 6.113087 5.939908 5.870628 5.657271 5.507211 5.629543 5.970868 6.133635 5.872692 5.294234 4.767393 4.502388 4.413147 4.498105 4.777423 5.032804 5.159148 5.2982 5.598086 5.87597 6.010051 5.989741 5.846752 5.596889 5.296582 5.142283 5.171247 5.084058 4.799679 4.445906 4.211376 4.319921 5.179756 6.265794 6.621828 6.327574 6.072074 6.044352 5.894062 5.546433 5.371937
6.416577 6.359297 6.440443 6.569606 6.678792 6.816323 6.905136 6.813279 6.62659 6.683243 6.380438 5.675631 5.37811 5.669658 5.73444 5.253538 4.640659 4.3234 4.446553 4.966417 5.636552 6.014882 6.02772 6.000271 6.056806 5.980529 5.901904 5.97688 6.178782 6.266914 6.018232 5.417727 4.717514 4.274729 4.122663 4.223665 4.507894 4.778245 4.970023 5.17322 5.432932 5.566354 5.614324 5.645228 5.595061 5.369634 5.09888 5.034193 5.215669 5.254381 4.954795 4.475121 4.15488 4.24799 4.987775 5.908068 6.261319 6.065459 5.84685 5.716885 5.426991 5.075725 4.985826
5.962476 5.777651 5.721339 5.876123 6.259063 6.772485 7.069017 6.823392 6.16602 5.797107 5.564224 5.16866 5.196676 5.683864 5.96836 5.707011 5.105997 4.662111 4.702224 5.16899 5.695597 5.917208 5.870051 5.958241 6.05858 6.033566 5.996616 6.07 6.237774 6.330738 6.11157 5.486465 4.679314 4.161813 4.001557 4.084225 4.273984 4.46621 4.631244 4.802365 4.954692 4.972286 4.990114 5.102845 5.135891 4.982635 4.794775 4.791381 4.994316 5.101713 4.897067 4.46971 4.129179 4.146603 4.643479 5.256996 5.485041 5.338812 5.107512 4.923302 4.719528 4.540705 4.493897
5.70572 5.566309 5.403872 5.500475 6.00209 6.650965 6.929632 6.504738 5.651978 5.23277 5.400125 5.321051 5.753015 6.378957 6.598663 6.211456 5.401117 4.790191 4.779645 5.203327 5.552591 5.603109 5.519801 5.541912 5.602039 5.613198 5.648398 5.773314 5.941433 5.99853 5.77189 5.189049 4.470434 4.018641 3.898154 3.959642 4.03707 4.134265 4.219596 4.314489 4.385744 4.37139 4.388371 4.580768 4.669892 4.587538 4.45213 4.419456 4.509224 4.58847 4.526966 4.327167 4.126424 4.071167 4.284812 4.559319 4.622034 4.496844 4.276508 4.142341 4.125263 4.146485 4.120257
5.604408 5.650247 5.422101 5.40339 5.843263 6.315207 6.378415 5.875212 5.172206 4.900482 5.186909 5.735771 6.627316 7.23557 7.037612 6.122975 5.032323 4.366091 4.432331 4.912508 5.224068 5.247191 5.164194 5.139797 5.157268 5.1592 5.167725 5.240182 5.342517 5.310231 5.060646 4.584577 4.137054 3.850476 3.800158 3.875245 3.921272 3.938575 3.95509 3.996687 4.04497 4.067432 4.122254 4.24455 4.299657 4.252366 4.143181 4.074252 4.056768 4.097309 4.166311 4.206613 4.194965 4.051036 4.037314 4.074934 4.042544 3.976152 3.794724 3.752484 3.862694 3.970635 3.896906
5.529222 5.731234 5.420076 5.261805 5.540614 5.746111 5.644537 5.298196 4.988245 5.021832 5.453593 6.208616 7.118202 7.431708 6.797129 5.530028 4.341133 3.79784 4.039655 4.646633 5.058436 5.210203 5.220997 5.21058 5.191194 5.073189 4.843064 4.672082 4.641129 4.581328 4.396772 4.105311 3.84699 3.697089 3.724956 3.847031 3.914719 3.924208 3.925546 3.952837 4.000669 4.04248 4.060025 4.062429 4.047362 4.029267 3.983945 3.926286 3.891237 3.939525 4.078856 4.200856 4.182734 4.033652 3.928854 3.87589 3.811482 3.751729 3.690965 3.737189 3.88227 3.998424 3.963902
5.447163 5.530312 5.194749 4.938992 5.061209 5.161628 5.167279 5.12389 5.11562 5.309368 5.70662 6.233722 6.710392 6.660995 5.983632 4.942602 4.049425 3.773833 4.142 4.751343 5.159304 5.364695 5.450985 5.49943 5.482621 5.205471 4.645077 4.175905 4.01658 4.037945 3.993405 3.805598 3.602911 3.533958 3.657087 3.859229 3.973302 3.986446 3.969534 3.979971 4.034008 4.100173 4.097971 4.039301 4.000226 4.002971 3.992449 3.956431 3.936769 3.98864 4.146683 4.295833 4.273551 4.097594 3.938412 3.847992 3.780132 3.736212 3.734949 3.815035 3.948725 4.045927 4.058281
5.42522 5.409131 5.184215 5.01305 5.094719 5.205957 5.334943 5.436849 5.451991 5.510782 5.661068 5.837619 5.929038 5.735808 5.266077 4.6408 4.191973 4.223709 4.579251 4.965838 5.222586 5.445067 5.628752 5.766609 5.775332 5.383547 4.582316 3.814986 3.51506 3.608926 3.727389 3.659209 3.487958 3.442644 3.605039 3.858592 4.018042 4.016553 3.975367 3.972663 4.022154 4.083983 4.09506 4.078689 4.094617 4.114849 4.091157 4.040587 4.01362 4.033207 4.158446 4.316175 4.351139 4.214405 4.043238 3.905869 3.802869 3.755986 3.766905 3.845045 3.965066 4.061165 4.109553
5.413609 5.425611 5.43631 5.469345 5.604371 5.748604 5.893468 5.97253 5.883544 5.686616 5.546686 5.427247 5.320176 5.184302 5.000364 4.703362 4.577735 4.730534 4.884754 4.931344 5.041792 5.378829 5.754041 5.989331 5.964904 5.473297 4.529186 3.600564 3.222984 3.386477 3.694523 3.803683 3.662627 3.525772 3.595342 3.838515 4.06799 4.075155 4.035953 4.016118 4.025023 4.034225 4.049353 4.100672 4.17995 4.205436 4.160915 4.09751 4.05336 4.037643 4.10881 4.240147 4.324485 4.295339 4.183687 4.031633 3.885793 3.804442 3.768012 3.804309 3.907342 4.011527 4.101775
5.365141 5.48007 5.662606 5.811228 5.982132 6.156006 6.265754 6.318037 6.24675 5.939648 5.688323 5.369549 5.110314 5.026556 5.059773 5.101183 5.14466 5.152506 4.966983 4.711607 4.750142 5.263157 5.875989 6.200936 6.074481 5.489522 4.529138 3.63416 3.322793 3.617054 4.126836 4.38795 4.185185 3.786818 3.615326 3.770994 4.031787 4.170523 4.197888 4.163274 4.110804 4.052137 4.036172 4.094497 4.177684 4.196351 4.160609 4.120581 4.065659 4.048804 4.092603 4.174305 4.245954 4.289258 4.27518 4.183307 4.046043 3.927662 3.77404 3.717124 3.777367 3.854738 3.908923
5.329078 5.509779 5.682235 5.764115 5.866254 6.082676 6.155962 6.235312 6.387971 6.339651 6.101757 5.68095 5.283075 5.201137 5.433797 5.802613 5.964549 5.781602 5.281801 4.775416 4.692719 5.19505 5.904815 6.311872 6.138135 5.511948 4.65368 3.984212 3.901873 4.383358 5.017941 5.269347 4.851397 4.085821 3.628641 3.696437 4.003816 4.229932 4.312997 4.285721 4.209253 4.127777 4.075472 4.096813 4.153434 4.176457 4.155833 4.105047 4.042916 4.045815 4.106332 4.160167 4.17405 4.190255 4.229858 4.226433 4.156113 4.067912 3.775113 3.610597 3.615573 3.674486 3.721423
5.393383 5.67191 5.805091 5.794813 5.849572 5.899734 5.853839 5.932201 6.270915 6.506317 6.444616 6.093823 5.682408 5.550068 5.758218 6.278247 6.554955 6.356388 5.737668 5.0823 4.843369 5.130455 5.74417 6.216123 6.122801 5.49076 4.709121 4.282935 4.489674 5.153533 5.7983 5.912376 5.274673 4.263858 3.637782 3.662133 4.011803 4.235428 4.340167 4.336288 4.252304 4.158994 4.097261 4.088155 4.117634 4.157617 4.166043 4.109488 4.013436 4.006824 4.07983 4.118474 4.073922 3.979686 4.013364 4.072055 4.047072 3.942023 3.708998 3.527294 3.488322 3.554851 3.656691
5.735512 6.08829 6.164352 5.999587 5.864115 5.748423 5.679099 5.795464 6.134491 6.393288 6.413961 6.253974 6.039843 5.92498 6.009569 6.337732 6.628609 6.512494 5.954019 5.316288 5.012368 5.036736 5.423079 5.858785 5.85552 5.241561 4.513392 4.259207 4.700099 5.516916 6.138089 6.114152 5.358522 4.306899 3.65976 3.678216 4.089515 4.221441 4.306301 4.309572 4.221591 4.14191 4.1045 4.090187 4.084493 4.113539 4.139287 4.092097 3.959017 3.902466 3.927964 3.892436 3.725513 3.619565 3.688398 3.810206 3.833854 3.770694 3.609747 3.446222 3.403114 3.539453 3.778613
6.276556 6.624611 6.595974 6.24909 5.902249 5.690285 5.731232 5.928683 6.086044 6.076188 5.992969 6.045204 6.144744 6.123119 6.044037 6.1102 6.316885 6.238774 5.81778 5.356068 5.151997 5.020438 5.164453 5.406418 5.337808 4.725312 4.060987 3.909624 4.459692 5.38313 6.036654 6.011892 5.286893 4.313173 3.674039 3.604035 3.894072 4.09853 4.208633 4.210726 4.130318 4.087349 4.100931 4.099715 4.049821 4.015979 4.01337 3.980407 3.827482 3.713183 3.656754 3.548176 3.349484 3.295553 3.435941 3.616831 3.678946 3.656192 3.531745 3.378143 3.375024 3.644185 4.090086
