0-dem.txt
ncols         387
nrows         303
xllcorner     119.00109863281
yllcorner     -3.5238190887213
cellsize      7.4985002999418e-05
NODATA_value  -9999
[rows 196 to 223 of 303, columns 189 to 251 of 387]
6.235266 6.167726 6.326232 6.816944 7.244833 7.505063 7.559288 7.372518 7.031285 6.402322 5.6862 5.109416 4.51119 4.426826 4.903458 5.286419 5.409463 5.410231 5.346478 5.156437 4.883384 4.649319 4.298924 3.607298 2.870157 2.478766 2.486058 2.599898 2.673512 2.858769 3.129395 3.52003 3.816289 4.003316 4.159811 4.301545 4.285654 4.150017 3.998543 3.887337 3.749872 3.551829 3.172653 2.868774 2.81185 3.108251 3.594648 3.866634 3.785385 3.549054 3.28565 2.869196 2.127063 1.018928 0.07699513 -0.2565925 -0.1864612 -0.03652906 0.009649038 -0.06451178 -0.2067642 -0.3593438 -0.5151491
6.703427 6.447139 6.390415 6.779081 7.210606 7.704988 8.051216 7.900301 7.356017 6.475088 5.659138 5.081627 4.579076 4.599639 5.162142 5.705368 5.874995 5.823829 5.676975 5.411939 5.16767 4.972696 4.685254 4.036588 3.235556 2.624576 2.442307 2.510384 2.70347 3.014522 3.119596 3.417751 3.773687 4.036576 4.189177 4.298223 4.22936 4.058601 3.923607 3.89573 3.927245 3.941186 3.503525 3.142195 2.945294 2.946562 3.083712 3.170904 3.040763 2.844978 2.7301 2.588423 2.060163 1.130001 0.2680798 -0.1058497 -0.1223776 -0.03983903 -0.01250982 -0.07661319 -0.2406399 -0.4602239 -0.6511595
6.419292 6.144132 5.982727 6.459918 7.026965 7.79496 8.434087 8.355789 7.613019 6.469748 5.6324 5.045225 4.566282 4.621814 5.221181 5.837683 6.077806 6.066289 5.903316 5.531184 5.431596 5.260942 4.987148 4.42392 3.68593 2.835913 2.385832 2.300439 2.47847 2.757767 2.938289 3.186353 3.520967 3.824359 4.001138 4.15388 4.092146 3.944164 3.859776 3.887643 3.956392 3.935902 3.667944 3.401616 3.192336 3.026212 2.887969 2.741657 2.513326 2.339916 2.34575 2.41986 2.157777 1.40969 0.6164007 0.1921048 0.07299066 0.04318881 -0.01349115 -0.09978914 -0.2284141 -0.4364722 -0.647649
5.758314 5.645578 5.747803 6.199296 6.834942 7.734393 8.527328 8.497005 7.709353 6.568403 5.621318 4.95888 4.435474 4.425369 4.917027 5.453908 5.745863 5.930532 6.02842 5.893563 5.636041 5.34676 5.054471 4.561847 3.805402 2.926072 2.289371 2.027155 2.107972 2.372812 2.632451 2.868075 3.146723 3.485037 3.792944 3.97773 3.944794 3.849354 3.824536 3.868376 3.902622 3.851696 3.692375 3.540203 3.413935 3.245445 2.98229 2.652745 2.311353 2.102275 2.134876 2.330121 2.336871 1.752778 1.033206 0.5432553 0.2891166 0.1139469 -0.05500579 -0.1809664 -0.2535007 -0.3902726 -0.5733182
5.009772 4.937168 5.22787 5.824597 6.510022 7.318472 8.119082 8.116363 7.426417 6.380333 5.418591 4.755714 4.258511 4.1871 4.4932 4.871743 5.176731 5.524559 5.78765 5.687115 5.28929 4.931166 4.699529 4.356204 3.733316 2.940865 2.243995 1.857608 1.822284 2.042778 2.33856 2.582246 2.797154 3.107496 3.490899 3.782176 3.844783 3.813126 3.810084 3.813295 3.767462 3.685391 3.596388 3.549833 3.558355 3.492923 3.209091 2.783188 2.375211 2.10822 2.06947 2.228809 2.324392 2.008314 1.431737 0.8897462 0.4795587 0.1337676 -0.1650493 -0.3527589 -0.4058001 -0.4554901 -0.535111
4.425987 4.270578 4.580421 5.254913 5.909609 6.455342 7.35576 7.517464 7.01468 6.041466 5.076649 4.525875 4.206655 4.187571 4.324265 4.55162 4.817868 5.147368 5.30945 5.042883 4.560992 4.239209 4.113821 3.918835 3.499607 2.936992 2.353858 1.977078 1.903421 2.046874 2.257339 2.425493 2.546489 2.758719 3.126477 3.535048 3.754795 3.811959 3.817069 3.758296 3.633514 3.523996 3.480979 3.51872 3.638036 3.68336 3.402208 2.957593 2.538964 2.24939 2.164711 2.292981 2.455512 2.31269 1.834052 1.231859 0.6676788 0.1476364 -0.2985241 -0.5840466 -0.666661 -0.6326536 -0.5562279
4.366638 4.060741 4.181067 4.736793 5.32227 5.832246 6.442936 6.706108 6.403934 5.575286 4.740502 4.398201 4.30147 4.402122 4.346479 4.383626 4.5101 4.705961 4.738622 4.414413 3.989944 3.762574 3.728219 3.649225 3.375937 3.054176 2.627819 2.331529 2.269095 2.326779 2.392795 2.43018 2.437849 2.518952 2.80011 3.264257 3.639347 3.791553 3.819041 3.703366 3.534705 3.431609 3.438833 3.530152 3.657809 3.688698 3.487012 3.122088 2.731505 2.444673 2.364778 2.50683 2.701361 2.627213 2.197412 1.568108 0.9054661 0.2602222 -0.2954757 -0.6542892 -0.7684733 -0.6949236 -0.5466533
4.800984 4.35906 4.17344 4.421608 4.717781 4.966172 5.320472 5.648305 5.545779 4.999774 4.450849 4.301452 4.30322 4.359704 4.297342 4.189055 4.139118 4.206849 4.226269 4.034366 3.766407 3.634334 3.655748 3.668725 3.53239 3.27067 2.947011 2.749212 2.707984 2.69611 2.644006 2.564129 2.453975 2.377475 2.500886 2.914863 3.40188 3.704174 3.762135 3.634933 3.482874 3.412954 3.45043 3.548394 3.617802 3.596851 3.460773 3.228646 2.898731 2.630369 2.563161 2.704628 2.863826 2.771199 2.364839 1.764632 1.07838 0.38586 -0.1992819 -0.5622233 -0.6756047 -0.5968397 -0.4684451
5.271901 4.805253 4.366723 4.320355 4.291728 4.261688 4.404356 4.679563 4.716142 4.498271 4.249812 4.205117 4.246275 4.301364 4.221342 3.977069 3.782164 3.795165 3.902876 3.892043 3.7682 3.672935 3.644224 3.593535 3.447695 3.245259 3.07146 3.008044 3.000187 2.962748 2.873709 2.744825 2.544842 2.310358 2.228068 2.475439 2.95044 3.364306 3.545998 3.52356 3.467693 3.441811 3.459368 3.493631 3.458595 3.363067 3.27526 3.206434 2.986014 2.772099 2.703084 2.788071 2.845514 2.676998 2.272918 1.734406 1.076797 0.4071212 -0.1288185 -0.4329638 -0.5176282 -0.4479001 -0.3711255
5.186948 4.667157 4.310013 4.202919 4.078558 3.989937 4.067404 4.26908 4.371702 4.358637 4.22353 4.174997 4.213288 4.256301 4.134386 3.796885 3.536141 3.550581 3.742302 3.874643 3.852378 3.69558 3.424804 3.092546 2.863578 2.798371 2.854591 2.945945 2.992307 2.991858 2.959608 2.873704 2.669055 2.363767 2.125077 2.153927 2.471085 2.894688 3.223713 3.380812 3.46366 3.490005 3.461731 3.377155 3.206393 3.022655 2.955059 3.010831 2.97366 2.873173 2.816248 2.832269 2.779604 2.527887 2.109744 1.613525 0.9931159 0.3779805 -0.07338715 -0.2961097 -0.3492506 -0.3164907 -0.3254828
4.752418 4.30278 4.06039 3.979817 3.916425 3.923399 4.047296 4.214597 4.343078 4.453889 4.277642 4.180116 4.168333 4.151124 3.997105 3.658019 3.414615 3.43627 3.666209 3.926666 3.976601 3.669517 3.035465 2.356811 2.092127 2.219636 2.476623 2.641492 2.703679 2.76561 2.860209 2.907666 2.796926 2.53566 2.261872 2.15007 2.274287 2.598788 2.982732 3.276429 3.440559 3.488327 3.417552 3.225841 2.968431 2.754742 2.733063 2.887505 2.97952 2.944221 2.860545 2.79733 2.671168 2.398749 2.011073 1.564226 0.9703825 0.3886485 0.009443283 -0.1173975 -0.1182144 -0.1303031 -0.2770214
4.417571 4.065959 3.879054 3.800646 3.803624 3.915022 4.104177 4.2169 4.26844 4.292719 4.212603 4.153773 4.104411 4.023106 3.880304 3.594599 3.422802 3.450199 3.658226 4.006596 4.071733 3.597807 2.688607 1.835579 1.619219 1.867788 2.168074 2.288652 2.329522 2.458896 2.695588 2.894274 2.890674 2.70881 2.489769 2.36144 2.343124 2.494061 2.797649 3.135798 3.327119 3.409733 3.362682 3.160725 2.864198 2.65961 2.687211 2.891421 3.017816 2.972696 2.836413 2.704554 2.541788 2.291413 1.959144 1.586087 1.02549 0.4623585 0.1292546 0.07887936 0.121803 0.06435943 -0.2382622
4.383398 4.112297 3.93979 3.830258 3.833653 3.973306 4.193503 4.184656 4.14039 4.113218 4.095393 4.090293 4.03628 3.913926 3.750245 3.571844 3.500031 3.565273 3.771356 4.05206 4.044767 3.489349 2.564731 1.808881 1.66118 1.852346 2.009568 2.023632 2.063188 2.26709 2.60306 2.884097 2.918346 2.78128 2.64562 2.584736 2.495831 2.459714 2.575388 2.824274 3.054201 3.234152 3.292129 3.164266 2.896556 2.715575 2.757123 2.948415 3.030064 2.93857 2.777102 2.615919 2.436595 2.197698 1.876806 1.584505 1.072724 0.5392947 0.2315426 0.2017393 0.2305472 0.09977818 -0.3395368
4.368959 4.19697 4.11022 4.014239 3.993602 4.056177 4.131595 4.07597 3.971585 3.911704 3.921823 3.961343 3.951913 3.853619 3.700874 3.555186 3.504691 3.564721 3.719565 3.894135 3.837029 3.369916 2.667962 2.133068 1.976769 1.965946 1.907355 1.842362 1.930237 2.199374 2.558239 2.836311 2.873009 2.791636 2.758934 2.781039 2.679353 2.521917 2.445526 2.517056 2.706147 2.965609 3.143976 3.141761 2.962424 2.839633 2.867445 2.984766 2.980099 2.838998 2.698232 2.55091 2.380013 2.170583 1.895999 1.551492 1.043846 0.5364552 0.2295446 0.1561055 0.09525871 -0.1722569 -0.7223865
4.282701 4.202429 4.256729 4.190741 4.152818 4.126569 4.082938 3.990112 3.86998 3.794015 3.793008 3.826625 3.857357 3.791966 3.66347 3.529378 3.441328 3.445525 3.527512 3.631245 3.592272 3.305845 2.885215 2.542035 2.315874 2.095479 1.873072 1.766324 1.85712 2.093758 2.394496 2.661159 2.77086 2.817338 2.893623 2.963875 2.897643 2.723879 2.528588 2.408326 2.471826 2.715941 2.901684 2.991748 2.922934 2.922518 2.953418 2.978226 2.890315 2.736633 2.608239 2.497137 2.365606 2.199374 1.937606 1.525448 0.9966543 0.4964118 0.1481965 -0.05560136 -0.2863564 -0.6926329 -1.24751
4.192074 4.092848 4.126087 4.140525 4.13203 4.076776 3.997574 3.927385 3.842449 3.766088 3.736631 3.757347 3.766841 3.708819 3.614825 3.524095 3.415585 3.361602 3.360972 3.427927 3.430798 3.284635 3.06098 2.861832 2.614263 2.285306 1.989171 1.877738 1.940587 2.097029 2.305804 2.532187 2.678365 2.798068 2.912352 2.982233 3.000379 2.916661 2.704772 2.453572 2.393066 2.590817 2.638793 2.768782 2.855677 2.941161 2.989127 2.955844 2.815878 2.649143 2.530885 2.459264 2.391811 2.288477 2.036686 1.562358 0.9950821 0.4525266 -0.02220249 -0.4462172 -0.8529804 -1.288588 -1.704988
4.187397 4.003896 3.932229 3.913454 3.911242 3.892141 3.875154 3.880772 3.836543 3.750193 3.677158 3.663948 3.659515 3.618228 3.570598 3.541613 3.45044 3.343153 3.291647 3.331891 3.341258 3.225147 3.077137 3.003272 2.840668 2.532663 2.243701 2.165468 2.231536 2.358531 2.507992 2.640249 2.675336 2.714086 2.773507 2.81548 2.923701 2.96651 2.806309 2.500359 2.328679 2.331756 2.365859 2.519913 2.696856 2.868879 2.974385 2.951924 2.813284 2.645849 2.52554 2.470203 2.457022 2.405696 2.155647 1.631149 1.009052 0.3615496 -0.3052967 -0.9455323 -1.424522 -1.749698 -1.961003
4.205091 3.964503 3.793112 3.678228 3.636258 3.66728 3.758852 3.860136 3.820455 3.713622 3.616217 3.580955 3.57412 3.556883 3.538037 3.524552 3.450996 3.329139 3.24738 3.259634 3.233184 3.085178 2.949759 2.95572 2.89287 2.677197 2.465968 2.443611 2.528852 2.678249 2.838697 2.906859 2.796493 2.725963 2.748043 2.773937 2.885881 2.968243 2.85995 2.578573 2.402466 2.336621 2.322293 2.412958 2.583775 2.800949 2.959677 2.958696 2.834155 2.684222 2.582908 2.538317 2.540637 2.489812 2.211643 1.642624 0.9390728 0.1513797 -0.6575907 -1.343417 -1.744297 -1.932846 -2.023366
4.180329 3.952393 3.742307 3.539239 3.427511 3.458284 3.595281 3.723225 3.714386 3.641484 3.576424 3.538405 3.518519 3.503873 3.48254 3.440134 3.363193 3.261697 3.210818 3.24026 3.183178 3.022232 2.914147 2.948758 2.904171 2.741266 2.606155 2.624619 2.709963 2.892749 3.119847 3.200036 2.994115 2.858256 2.901594 2.948948 2.999722 3.021066 2.917767 2.683452 2.534672 2.469493 2.44679 2.495203 2.633389 2.828119 2.960953 2.923222 2.773535 2.630955 2.580519 2.582153 2.590065 2.513473 2.199358 1.622884 0.8503785 -0.06773221 -0.9505591 -1.562557 -1.846464 -1.949202 -1.999845
4.080608 3.896313 3.701999 3.478117 3.325678 3.325487 3.438173 3.536267 3.535235 3.518334 3.50891 3.466074 3.425359 3.40572 3.38782 3.333204 3.247772 3.170541 3.172339 3.249457 3.188953 3.056531 2.997948 3.018689 2.928811 2.778389 2.691972 2.710989 2.774281 2.992628 3.304266 3.425924 3.172138 3.020172 3.137506 3.259781 3.250426 3.164391 3.020266 2.810198 2.641044 2.560056 2.572181 2.667454 2.812101 2.936102 2.970036 2.869212 2.700809 2.584889 2.58328 2.639055 2.64793 2.541618 2.170284 1.597459 0.7743568 -0.2369962 -1.14032 -1.646148 -1.843622 -1.913127 -1.959443
3.926059 3.772733 3.61122 3.430367 3.294336 3.275557 3.33292 3.358939 3.336418 3.355456 3.37872 3.312009 3.258587 3.248973 3.268313 3.25252 3.167728 3.101597 3.127524 3.237639 3.188402 3.095199 3.067613 3.043343 2.910384 2.787673 2.743923 2.73694 2.772619 3.019008 3.381795 3.514371 3.257709 3.163394 3.41863 3.6668 3.613965 3.407724 3.199445 2.984466 2.736131 2.574432 2.591472 2.762872 2.958086 3.014451 2.954709 2.832686 2.705137 2.645127 2.68049 2.747412 2.715242 2.509601 2.094014 1.497077 0.6309532 -0.4050518 -1.263807 -1.669943 -1.814299 -1.872772 -1.920292
3.778726 3.659727 3.530505 3.386057 3.275309 3.245347 3.249189 3.211122 3.173623 3.213395 3.252622 3.180151 3.109267 3.104317 3.155703 3.180855 3.092689 3.0605 3.103046 3.217718 3.170294 3.090355 3.053699 2.975518 2.826638 2.753111 2.759811 2.738577 2.741179 2.955615 3.284413 3.403841 3.232958 3.317193 3.787452 4.176437 4.049576 3.701023 3.430021 3.216319 2.894264 2.605814 2.517056 2.655214 2.900796 2.946299 2.884315 2.797074 2.7487 2.758882 2.812946 2.848048 2.761769 2.462204 1.939964 1.236419 0.3221709 -0.6441763 -1.364043 -1.669771 -1.779358 -1.834985 -1.884279
3.667673 3.613636 3.524618 3.405192 3.29904 3.222578 3.152961 3.070786 3.03046 3.084316 3.148259 3.113511 3.05931 3.04368 3.074119 3.106288 3.08255 3.089584 3.15825 3.246624 3.181482 3.098619 3.063457 2.995194 2.878032 2.837644 2.85248 2.799638 2.726188 2.806602 3.00973 3.115155 3.050191 3.263008 3.843727 4.31335 4.15267 3.742976 3.485254 3.349091 3.033492 2.636102 2.371397 2.367875 2.596441 2.776107 2.816192 2.770597 2.758808 2.797594 2.867116 2.897591 2.791012 2.434935 1.813921 0.9893453 0.01474047 -0.8706719 -1.439295 -1.659562 -1.745282 -1.800563 -1.851426
3.588758 3.606497 3.565325 3.473067 3.361539 3.221454 3.079041 2.969357 2.912297 2.948799 3.027987 3.05787 3.048562 3.033353 3.028358 3.029747 3.03833 3.098475 3.19463 3.252284 3.189563 3.138764 3.152212 3.146527 3.069814 3.013439 2.975832 2.867852 2.700521 2.601886 2.644671 2.751295 2.776713 2.991498 3.502135 3.973403 3.883831 3.578578 3.449981 3.440665 3.144161 2.66275 2.27142 2.172135 2.403272 2.686582 2.8056 2.759715 2.724383 2.740716 2.828618 2.883566 2.788753 2.416776 1.736972 0.8206671 -0.2028379 -1.025536 -1.479447 -1.642314 -1.713757 -1.769358 -1.821554
3.53487 3.583843 3.569008 3.497024 3.385998 3.213705 3.046872 2.928567 2.83885 2.830244 2.902671 2.983127 3.0113 3.012926 3.006455 2.992007 2.992676 3.04439 3.122056 3.1651 3.158911 3.191008 3.264127 3.284447 3.20056 3.098297 2.999275 2.84167 2.608398 2.370302 2.29637 2.447831 2.586008 2.756533 3.105577 3.535331 3.587714 3.473162 3.484534 3.542525 3.221417 2.71426 2.338652 2.254906 2.463281 2.742869 2.85798 2.772714 2.687392 2.650148 2.758167 2.816605 2.721911 2.332315 1.59991 0.6202425 -0.3939208 -1.129612 -1.490582 -1.619488 -1.684771 -1.741038 -1.794454
3.50193 3.518636 3.477885 3.395789 3.289214 3.144643 3.004131 2.902297 2.809357 2.791685 2.875792 2.988725 3.008914 2.987242 2.96853 2.959079 2.960157 2.979277 3.013092 3.062662 3.144595 3.252898 3.319922 3.271294 3.132174 3.015467 2.916055 2.73644 2.461989 2.14695 2.046008 2.324422 2.6561 2.862687 3.102948 3.491436 3.645566 3.593705 3.545471 3.518471 3.204648 2.814835 2.583759 2.549969 2.665547 2.862667 2.941737 2.825748 2.719436 2.693704 2.743515 2.733978 2.582497 2.114667 1.287503 0.2672405 -0.6508571 -1.236101 -1.494334 -1.595619 -1.658104 -1.715309 -1.769953
3.435045 3.389883 3.322217 3.242761 3.150369 3.048497 2.959691 2.891257 2.817825 2.810233 2.906627 3.042124 3.038688 2.979058 2.930658 2.93124 2.964175 2.977797 2.979424 3.041807 3.193875 3.354096 3.42476 3.361426 3.205866 3.07234 2.943688 2.716508 2.398606 2.066663 2.021582 2.464256 3.010776 3.292928 3.459575 3.805704 4.055677 4.006755 3.78409 3.573266 3.237544 2.93672 2.782197 2.72798 2.729815 2.838153 2.926086 2.857308 2.784757 2.78032 2.794842 2.705502 2.454598 1.876321 0.9711502 -0.04113972 -0.8467048 -1.303357 -1.487895 -1.571817 -1.633576 -1.692006 -1.747952
3.339149 3.269724 3.217371 3.167391 3.08913 3.005789 2.943182 2.896733 2.838476 2.821193 2.885273 2.990278 3.014283 2.967073 2.916928 2.931888 2.997418 3.025408 3.025488 3.084843 3.210265 3.355222 3.497756 3.599936 3.545277 3.371205 3.11816 2.792768 2.438958 2.140783 2.166292 2.699169 3.398966 3.760738 3.852728 4.086529 4.414603 4.456578 4.181327 3.825238 3.392574 3.033583 2.80906 2.657466 2.561972 2.607212 2.725113 2.778503 2.810197 2.851291 2.836394 2.652301 2.300717 1.6765 0.8100471 -0.1324154 -0.8835504 -1.304175 -1.468626 -1.548512 -1.611195 -1.671118 -1.728451
